hockey :  0.7869331946555259
car-turn :  0.9740324469328101
dance-twirl :  0.3232454061798941
horsejump-low :  0.5902477890489614
loading :  0.706988933640418
elephant :  0.8572741815092522
scooter-black :  0.3485494452143256
bmx-trees :  0.4038571724692295
dog-gooses :  0.28683853606755727
blackswan :  0.9547233838799284
classic-car :  0.5113053986868703
tennis :  0.9374944323287926
drift-straight :  0.7258248996276709
breakdance :  0.16806217180303232
lab-coat :  0.8354578088181094
cat-girl :  0.7868719132311723
india :  0.2893218722188533
walking :  0.8530235649596625
kid-football :  0.948305655142642
planes-water :  0.8610640301145011
car-shadow :  0.8280982596330853
shooting :  0.5684983768290018
rallye :  0.6581727363785338
stroller :  0.589812126941128
breakdance-flare :  0.4788259794883725
motocross-bumps :  0.8967248663971026
boxing-fisheye :  0.6830447445594383
cows :  0.9475921876389433
color-run :  0.39791670993803846
kite-walk :  0.5618750686871137
pigs :  0.9453772389095187
goat :  0.9214500310994485
scooter-gray :  0.7252687022973108
miami-surf :  0.758578494788676
lady-running :  0.26519045980567024
parkour :  0.948977774301448
stunt :  0.7999047489704504
horsejump-high :  0.7479583471183804
mbike-trick :  0.877670832327138
drift-turn :  0.7854961947667575
night-race :  0.863056562239568
tuk-tuk :  0.8319658339150382
rhino :  0.697279604896276
dance-jump :  0.32636193395719804
crossing :  0.7565942433844786
mallard-fly :  0.7847244460698442
lindy-hop :  0.8036468323896206
soapbox :  0.38743173038107465
koala :  0.647469479229985
gold-fish :  0.2809949677586555
longboard :  0.9442348715476692
snowboard :  0.9697521485835073
motocross-jump :  0.759788835126872
hike :  0.9592699933015085
paragliding-launch :  0.5960743223177393
schoolgirls :  0.8093627188844312
flamingo :  0.4746305869508599
dogs-scale :  0.7043173543949055
motorbike :  0.29216643606219306
car-roundabout :  0.7347078859922473
drone :  0.675395019332749
bmx-bumps :  0.42663453777756927
judo :  0.40272954031329444
sheep :  0.8128099509272319
skate-park :  0.17547996049212042
dog :  0.9309014569822369
bus :  0.8424904379100194
dog-agility :  0.8569433839507293
dogs-jump :  0.9434294625161984
dancing :  0.2620804086213323
varanus-cage :  0.018507529110754206
lucia :  0.4916416432362043
scooter-board :  0.2091465788228576
boat :  0.7481393200203875
paragliding :  0.7574383764825011
bike-packing :  0.6274173064145061
upside-down :  0.6719639108449501
drift-chicane :  0.7673067599840265
camel :  0.8490272863492029
mallard-water :  0.9591010729646609
bear :  0.9606551964367651
libby :  0.7418333542602714
kite-surf :  0.6770179818534239
swing :  0.7978783820803744
soccerball :  0.6743310582228409
disc-jockey :  0.5643989555837309
tractor-sand :  0.08025865975861904
surf :  0.8607040884209727
rollerblade :  0.9432029131023398
train :  0.6196951611556225